21,111
21,108
21,105
21,104
21,103
21,102
21,100
21,99
21,95
21,93
21,91
21,88
21,87
21,85
21,84
21,80
21,77
21,74
21,73
21,67
21,65
21,63
21,59
21,58
21,56
21,55
21,54
21,53
21,52
21,48
21,46
21,44
21,43
21,42
21,40
21,39
21,38
21,36
21,34
21,30
21,28
21,27
21,26
21,24
21,22
21,21
21,18
21,17
21,16
21,15
21,14
21,13
21,12
21,11
21,10
21,9
21,8
21,7
21,6
21,5
21,4
21,3
21,2
21,1
21,0
11,4
11,3
11,2
11,1
11,0
10,3
10,2
10,1
10,0
9,3
9,2
9,1
9,0
8,3
8,2
8,1
8,0
7,3
7,2
7,1
7,0
6,3
6,2
6,1
6,0
5,4
5,3
5,2
5,1
5,0
4,3
3,6
3,5
3,4
3,3
3,2
2,3
2,2
1,3
1,2
0,734
0,681
0,441
0,243
0,9
0,0
0,1
0,315
0,300
0,558
0,299
0,557
0,298
0,810
0,297
0,795
0,296
0,826
0,295
0,314
0,294
0,539
0,293
0,318
0,292
0,301
0,291
0,544
0,290
0,572
0,289
0,520
0,288
0,451
0,287
0,802
0,286
0,825
0,285
0,444
0,284
0,571
0,283
0,533
0,282
0,308
0,281
0,824
0,280
0,773
0,279
0,313
0,278
0,526
0,277
0,772
0,276
0,317
0,275
0,549
0,274
0,512
0,273
0,575
0,272
0,522
0,271
0,548
21,112
21,115
21,121
21,125
21,127
21,128
21,130
21,132
21,133
21,135
21,136
21,138
21,140
21,141
21,143
21,144
21,146
21,147
21,150
21,152
21,153
21,155
21,156
21,158
21,160
21,161
21,163
21,164
21,166
21,167
21,169
21,171
21,172
21,174
21,175
21,177
21,179
21,180
21,182
21,183
21,185
21,186
21,188
21,190
21,191
21,193
21,194
21,197
21,201
21,206
21,216
21,217
21,226
21,240
21,242
21,256
21,257
21,259
21,260
21,262
21,264
21,265
21,267
21,268
21,270
21,272
21,273
21,275
21,276
21,278
21,279
21,281
21,283
21,284
21,286
21,287
21,289
21,291
21,292
21,294
21,295
21,297
21,298
21,300
21,303
21,304
21,306
21,307
21,309
21,311
21,312
21,314
21,315
21,317
21,319
21,320
21,322
21,323
21,325
21,326
21,328
21,330
21,331
21,333
21,334
21,336
21,338
21,339
21,341
21,342
21,345
21,346
21,348
21,350
21,351
21,353
21,354
21,356
21,358
21,359
21,361
21,362
21,364
21,365
21,367
21,369
21,370
21,372
21,373
21,375
21,377
21,378
21,380
21,381
21,383
21,384
21,386
21,390
21,391
21,393
21,394
21,396
21,398
21,399
21,401
21,403
21,405
21,407
21,408
21,410
21,412
21,414
21,415
21,417
21,420
21,421
21,423
21,424
21,426
21,429
21,430
21,433
21,434
21,436
21,437
21,440
21,442
21,444
21,447
21,450
21,454
21,456
21,457
21,459
21,460
21,462
21,464
21,466
21,468
21,470
21,472
21,473
21,478
21,481
21,482
21,485
21,487
21,489
21,492
21,494
21,496
21,499
21,501
21,504
21,506
21,508
21,509
21,511
21,512
21,515
21,517
21,518
21,520
21,521
21,523
21,524
21,526
21,528
21,529
21,531
21,532
21,534
21,536
21,537
21,539
21,540
21,542
21,543
21,545
21,547
21,548
21,550
21,551
21,553
21,555
21,556
21,558
21,559
21,561
21,562
21,564
21,566
21,567
21,569
21,570
21,572
21,574
21,575
21,577
21,578
21,580
21,582
21,583
21,585
21,586
21,588
21,589
21,591
21,593
21,594
21,596
21,597
21,599
21,601
21,602
21,604
21,605
21,607
21,608
21,610
21,612
21,613
21,615
21,616
21,618
21,620
21,621
21,623
21,624
21,626
21,627
21,629
21,631
21,632
21,634
21,635
21,637
21,639
21,640
21,642
21,643
21,645
21,649
21,650
21,652
21,653
21,655
21,656
21,658
21,660
21,661
21,663
21,664
21,666
21,668
21,669
21,671
21,672
21,674
21,675
21,677
21,679
21,680
21,682
21,683
21,685
21,687
21,688
21,690
21,691
21,693
21,694
21,696
21,698
21,699
21,701
21,704
21,706
21,708
21,709
21,711
21,712
21,714
21,716
21,717
21,719
21,720
21,722
21,723
21,725
21,727
21,728
21,730
21,731
21,733
21,735
21,736
21,738
21,739
21,741
21,742
21,744
21,746
21,747
21,749
21,750
21,752
21,754
21,755
21,757
21,758
21,760
21,761
21,763
21,765
21,766
21,768
21,769
21,771
21,773
21,774
21,777
21,778
21,780
21,781
21,783
21,785
21,786
21,788
21,789
21,791
21,793
21,794
21,796
21,797
21,799
21,801
21,802
21,805
21,807
21,809
21,810
21,812
21,814
21,815
21,817
21,818
21,820
21,822
21,823
21,825
21,826
21,828
21,829
21,831
21,833
21,834
21,836
21,838
21,840
21,842
21,843
21,845
21,846
21,848
21,849
21,851
21,853
21,854
21,856
21,857
21,859
21,861
21,862
21,864
21,865
21,867
21,869
21,870
21,872
21,873
21,875
21,876
21,878
21,880
21,881
21,884
21,885
21,887
21,889
21,890
21,892
21,893
21,895
21,896
21,898
21,900
21,901
21,903
21,904
21,907
21,909
21,911
21,913
21,914
21,917
21,919
21,921
21,924
21,925
21,927
21,928
21,931
21,933
21,934
21,936
21,937
21,940
21,941
21,944
21,946
21,948
21,951
21,952
21,954
21,956
21,959
21,961
21,962
21,965
21,967
21,968
21,970
21,971
21,973
21,974
21,976
21,978
21,979
21,981
21,982
21,984
21,986
21,987
21,989
21,990
21,992
21,993
21,995
21,997
21,999
21,1001
21,1002
21,1007
21,1015
21,1016
21,1024
21,1025
21,1027
21,1028
21,1030
21,1032
21,1033
21,1035
21,1036
21,1038
21,1040
21,1041
21,1043
21,1044
21,1046
21,1048
21,1049
21,1051
21,1052
21,1054
21,1055
21,1057
21,1059
21,1060
21,1062
21,1063
21,1065
21,1067
21,1068
21,1070
21,1071
21,1073
21,1074
21,1076
21,1078
21,1079
21,1081
21,1082
21,1084
21,1086
21,1087
21,1090
21,1091
21,1093
21,1094
21,1096
21,1098
21,1099
21,1101
21,1102
21,1104
21,1106
21,1107
21,1109
21,1110
21,1112
21,1113
21,1115
21,1117
21,1118
21,1120
21,1121
21,1123
21,1125
21,1126
21,1129
21,1131
21,1135
21,1152
21,1153
21,1155
21,1156
21,1158
21,1160
21,1162
21,1165
21,1166
21,1168
21,1169
21,1171
21,1173
21,1174
21,1176
21,1177
21,1180
21,1181
21,1184
21,1187
21,1188
21,1190
21,1191
21,1193
21,1195
21,1196
21,1198
21,1199
21,1201
21,1202
21,1204
21,1207
21,1208
21,1211
21,1213
21,1215
21,1217
21,1218
21,1221
21,1225
21,1227
21,1231
21,1232
21,1234
21,1235
21,1237
21,1238
21,1241
21,1244
21,1245
21,1247
21,1248
21,1250
21,1253
21,1254
21,1257
21,1258
21,1261
21,1262
21,1264
21,1269
21,1270
21,1273
21,1275
21,1278
21,1280
21,1281
21,1283
21,1284
21,1286
21,1287
21,1289
21,1291
21,1292
21,1294
21,1295
21,1297
21,1299
21,1300
21,1302
21,1303
21,1305
21,1307
21,1308
21,1310
21,1311
21,1313
21,1314
21,1316
21,1318
21,1319
21,1321
21,1322
21,1324
21,1326
21,1327
21,1329
21,1330
21,1332
21,1333
21,1335
21,1337
21,1338
21,1340
21,1341
21,1343
21,1345
21,1346
21,1348
21,1349
21,1351
21,1352
21,1354
21,1356
21,1357
21,1360
21,1361
21,1363
21,1365
21,1366
21,1368
21,1369
21,1371
21,1372
21,1374
21,1376
21,1377
21,1379
21,1380
21,1382
21,1384
21,1385
21,1387
21,1388
21,1390
21,1392
21,1393
21,1395
21,1396
21,1399
21,1400
21,1402
21,1408
21,1409
21,1411
21,1412
21,1414
21,1416
21,1417
21,1419
21,1420
21,1422
21,1424
21,1426
21,1428
21,1429
21,1431
21,1432
21,1434
21,1436
21,1438
21,1440
21,1441
21,1443
21,1444
21,1447
21,1450
21,1472
21,1476
21,1477
21,1479
21,1482
21,1483
21,1537
21,1538
21,1540
21,1542
21,1543
21,1545
21,1546
21,1601
21,1602
21,1604
21,1606
21,1607
21,1609
21,1610
21,1612
21,1614
21,1615
21,1617
21,1618
21,1620
21,1621
21,1624
21,1626
21,1627
21,1629
21,1630
21,1632
21,1634
21,1635
21,1639
21,1640
21,1642
21,1645
21,1647
21,1651
21,1652
21,1664
21,1728
21,1793
21,1798
21,1800
21,1803
21,1804
21,1806
21,1808
21,1812
21,1815
21,1823
21,1826
21,1828
21,1832
21,1920
21,2048
21,2053
21,2054
21,2058
21,2061
21,2060
21,2056
21,2051
21,1833
21,1829
21,1824
21,1814
21,1809
21,1805
21,1802
21,1796
21,1792
21,1661
21,1650
21,1646
21,1641
21,1636
21,1633
21,1631
21,1628
21,1625
21,1622
21,1619
21,1616
21,1613
21,1611
21,1608
21,1605
21,1603
21,1600
21,1544
21,1541
21,1539
21,1536
21,1480
21,1478
21,1475
21,1448
21,1446
21,1442
21,1439
21,1435
21,1433
21,1430
21,1427
21,1425
21,1421
21,1418
21,1415
21,1413
21,1410
21,1403
21,1401
21,1398
21,1394
21,1391
21,1389
21,1386
21,1383
21,1381
21,1378
21,1375
21,1373
21,1370
21,1367
21,1364
21,1362
21,1359
21,1355
21,1353
21,1350
21,1347
21,1344
21,1342
21,1339
21,1336
21,1334
21,1331
21,1328
21,1325
21,1323
21,1320
21,1317
21,1315
21,1312
21,1309
21,1306
21,1304
21,1301
21,1298
21,1296
21,1293
21,1290
21,1288
21,1285
21,1282
21,1279
21,1277
21,1272
21,1266
21,1263
21,1260
21,1256
21,1252
21,1249
21,1246
21,1243
21,1240
21,1236
21,1233
21,1228
21,1226
21,1219
21,1216
21,1214
21,1210
21,1205
21,1203
21,1200
21,1197
21,1194
21,1192
21,1189
21,1186
21,1182
21,1178
21,1175
21,1172
21,1170
21,1167
21,1164
21,1161
21,1157
21,1154
21,1145
21,1133
21,1127
21,1124
21,1122
21,1119
21,1116
21,1114
21,1111
21,1108
21,1105
21,1103
21,1100
21,1097
21,1095
21,1092
21,1089
21,1085
21,1083
21,1080
21,1077
21,1075
21,1072
21,1069
21,1066
21,1064
21,1061
21,1058
21,1056
21,1053
21,1050
21,1047
21,1045
21,1042
21,1039
21,1037
21,1034
21,1031
21,1029
21,1026
21,1019
21,1009
21,1003
21,1000
21,996
21,994
21,991
21,988
21,985
21,983
21,980
21,977
21,975
21,972
21,969
21,966
21,963
21,960
21,955
21,953
21,949
21,945
21,943
21,939
21,935
21,932
21,929
21,926
21,922
21,920
21,916
21,912
21,908
21,906
21,902
21,899
21,897
21,894
21,891
21,888
21,886
21,882
21,879
21,877
21,874
21,871
21,868
21,866
21,863
21,860
21,858
21,855
21,852
21,850
21,847
21,844
21,841
21,839
21,835
21,832
21,830
21,827
21,824
21,821
21,819
21,816
21,813
21,811
21,808
21,804
21,800
21,798
21,795
21,792
21,790
21,787
21,784
21,782
21,779
21,776
21,772
21,770
21,767
21,764
21,762
21,759
21,756
21,753
21,751
21,748
21,745
21,743
21,740
21,737
21,734
21,732
21,729
21,726
21,724
21,721
21,718
21,715
21,713
21,710
21,707
21,705
21,700
21,697
21,695
21,692
21,689
21,686
21,684
21,681
21,678
21,676
21,673
21,670
21,667
21,665
21,662
21,659
21,657
21,654
21,651
21,647
21,644
21,641
21,638
21,636
21,633
21,630
21,628
21,625
21,622
21,619
21,617
21,614
21,611
21,609
21,606
21,603
21,600
21,598
21,595
21,592
21,590
21,587
21,584
21,581
21,579
21,576
21,573
21,571
21,568
21,565
21,563
21,560
21,557
21,554
21,552
21,549
21,546
21,544
21,541
21,538
21,535
21,533
21,530
21,527
21,525
21,522
21,519
21,516
21,514
21,510
21,507
21,505
21,500
21,495
21,490
21,488
21,483
21,479
21,474
21,471
21,467
21,465
21,461
21,458
21,455
21,453
21,446
21,441
21,439
21,435
21,432
21,428
21,425
21,422
21,419
21,416
21,413
21,409
21,406
21,404
21,400
21,397
21,395
21,392
21,388
21,385
21,382
21,379
21,376
21,374
21,371
21,368
21,366
21,363
21,360
21,357
21,355
21,352
21,349
21,347
21,343
21,340
21,337
21,335
21,332
21,329
21,327
21,324
21,321
21,318
21,316
21,313
21,310
21,308
21,305
21,302
21,299
21,296
21,293
21,290
21,288
21,285
21,282
21,280
21,277
21,274
21,271
21,269
21,266
21,263
21,261
21,258
21,253
21,234
21,224
21,211
21,198
21,195
21,192
21,189
21,187
21,184
21,181
21,178
21,176
21,173
21,170
21,168
21,165
21,162
21,159
21,157
21,154
21,151
21,149
21,145
21,142
21,139
21,137
21,134
21,131
21,129
21,126
21,119
0,270
0,790
0,269
0,809
0,268
0,823
0,267
0,532
0,266
0,513
0,265
0,822
0,264
0,819
0,263
0,543
0,262
0,817
0,261
0,806
0,260
0,567
0,259
0,805
0,258
0,779
0,257
0,789
0,256
0,554
0,255
0,547
0,254
0,552
0,253
0,450
0,252
0,538
0,251
0,312
0,250
0,815
0,249
0,794
0,248
0,546
0,247
0,786
0,246
0,311
0,245
0,771
0,244
0,316
0,242
0,449
0,241
0,814
0,240
0,531
0,239
0,566
0,238
0,519
0,237
0,800
0,236
0,821
0,235
0,793
0,234
0,525
0,233
0,570
0,232
0,231
0,524
0,230
0,518
0,229
0,432
0,228
0,448
0,227
0,574
0,226
0,573
0,225
0,831
0,224
0,788
0,223
0,517
0,222
0,804
0,221
0,530
0,220
0,784
0,219
0,563
0,218
0,310
0,217
0,307
0,216
0,799
0,215
0,542
0,214
0,309
0,213
0,516
0,212
0,791
0,211
0,783
0,210
0,537
0,209
0,797
0,208
0,529
0,207
0,521
0,206
0,796
0,205
0,536
0,204
0,818
0,203
0,569
0,202
0,564
0,201
0,443
0,200
0,556
0,199
0,528
0,198
0,568
0,197
0,808
0,196
0,562
0,195
0,561
0,194
0,830
0,193
0,828
0,192
0,807
0,63
0,813
0,62
0,770
0,61
0,551
0,60
0,541
0,59
0,560
0,58
0,782
0,57
0,812
0,56
0,559
0,55
0,550
0,54
0,540
0,53
0,523
0,52
0,515
0,51
0,535
0,50
0,811
0,49
0,534
0,48
0,555
0,47
0,553
0,46
0,319
0,45
0,827
0,6
0,5
0,304
0,303
0,306
0,305
0,302
0,12
0,10
0,8
0,11
0,4
0,2
0,3
0,7
